144 417
144 70
144 800
144 603
926 631
926 482
926 579
772 644
772 341
772 165
914 644
914 399
914 537
914 932
914 508
644 772
644 341
826 115
126 123
935 873
935 832
935 667
935 325
699 404
699 184
699 419
541 0
541 9
541 7
541 1
541 916
541 10
541 8
541 2
541 3
541 5
541 6
541 4
341 772
341 868
341 402
341 734
341 165
341 654
341 473
341 937
341 785
341 390
341 286
436 410
436 394
436 841
436 470
436 902
364 549
364 445
364 394
917 676
417 144
417 123
417 199
417 288
417 213
417 152
417 27
399 699
399 839
399 365
399 0
615 544
839 399
350 394
402 341
402 654
402 473
284 286
284 414
635 292
635 283
635 146
610 463
463 610
463 365
463 776
463 27
816 394
740 123
740 262
631 926
876 417
876 327
653 460
123 126
123 417
123 740
123 292
123 104
123 128
123 124
123 113
123 115
123 127
123 176
123 131
123 118
123 111
123 119
123 121
123 100
123 153
123 107
123 116
123 112
123 166
123 706
123 99
123 98
123 117
351 168
351 235
351 338
192 483
242 288
360 292
360 427
360 233
360 164
360 339
360 240
737 410
262 740
262 415
262 168
262 177
262 598
262 460
628 561
628 725
628 437
798 341
292 635
292 123
292 360
292 203
292 503
482 926
199 417
199 195
199 39
199 559
549 364
318 565
457 152
511 682
792 284
365 463
354 835
288 417
288 242
288 483
288 45
825 168
825 338
415 262
415 135
415 294
415 598
415 303
415 460
415 540
347 168
347 294
203 292
203 410
203 160
203 325
203 204
203 558
104 123
168 436
168 351
168 262
168 595
168 347
168 213
168 34
168 636
832 935
790 233
619 483
619 725
619 915
619 44
148 483
148 201
148 554
776 463
776 410
776 138
776 353
503 292
0 541
0 9
0 7
0 1
0 10
0 8
0 2
0 5
860 415
294 653
294 415
177 262
893 724
219 283
28 27
28 450
128 123
724 341
724 284
724 893
724 937
724 729
724 286
724 295
724 359
213 417
213 168
89 219
565 318
483 192
483 288
483 619
483 148
483 152
905 341
138 776
105 168
105 34
105 97
105 220
105 12
105 306
105 68
105 103
105 109
416 909
283 884
283 173
691 511
152 417
152 457
152 483
152 77
152 139
152 145
152 146
152 244
152 147
152 150
160 203
34 168
165 772
165 341
165 751
165 700
427 360
77 152
9 541
561 628
124 123
156 349
394 364
597 444
597 134
597 220
597 348
597 306
597 68
597 64
597 366
597 120
139 152
139 145
113 123
654 341
654 402
654 455
654 304
473 341
473 402
473 724
473 729
473 286
473 247
473 359
937 341
937 724
937 729
729 341
729 724
729 937
729 286
729 295
751 772
751 341
751 184
751 165
115 826
115 123
233 360
537 914
127 123
27 417
27 463
27 776
27 28
27 55
871 917
176 123
598 740
598 262
598 415
579 926
444 168
444 597
444 97
444 120
444 103
444 291
444 109
444 498
195 199
375 341
349 156
667 935
316 926
70 144
70 65
164 360
13 381
794 935
246 233
327 876
725 628
725 619
334 251
932 914
131 123
800 144
235 351
87 926
325 935
325 203
278 772
145 152
145 139
145 146
145 143
145 244
145 147
145 150
145 133
916 541
8 541
8 0
430 653
303 415
925 935
603 144
118 123
516 511
353 776
841 436
390 341
381 168
381 343
381 93
381 443
381 101
146 635
146 152
146 145
508 914
286 341
111 123
55 27
317 341
317 284
317 724
317 654
317 729
204 203
119 123
143 145
121 123
460 653
460 415
244 152
244 145
100 123
909 455
909 416
909 654
590 544
295 341
295 724
295 729
601 645
540 415
470 436
201 148
153 123
3 541
5 541
5 0
134 597
147 152
147 145
150 152
150 145
107 123
116 123
359 341
339 360
573 167
850 364
554 148
921 341
921 724
921 729
414 284
558 203
112 123
330 653
720 876
240 360
437 628
6 541
166 123
706 123
4 541
99 123
133 145
98 123
915 619
117 123
902 436
221 653
848 341
432 699
697 926
102 935
90 34
97 105
97 34
97 444
97 69
69 168
69 97
23 832
220 105
220 597
12 105
12 34
348 34
348 597
348 381
306 436
306 105
306 597
68 105
68 597
64 597
700 165
45 288
884 283
307 410
366 597
132 381
688 34
120 597
120 444
88 364
103 105
103 444
343 34
343 381
183 415
39 199
291 444
291 381
109 444
498 444
11 34
11 381
17 907
559 199
93 381
443 381
101 381
252 105
252 34
44 619
895 34
67 34
67 381
