0
1
2
3
4
5
6
7
8
800
801
9
802
803
804
805
806
807
808
809
810
811
812
813
814
815
816
817
818
819
820
821
822
823
824
825
826
827
828
829
830
831
832
833
834
835
836
837
838
839
840
841
600
842
601
843
844
602
603
845
604
846
605
847
606
848
849
607
608
609
850
851
852
610
611
853
612
854
613
855
856
614
615
857
858
616
859
617
618
619
860
861
620
862
621
863
622
864
623
865
866
624
867
625
868
626
627
869
628
629
870
871
872
630
873
631
632
874
633
875
876
634
635
877
636
878
637
879
638
639
880
881
640
882
883
641
400
884
642
885
643
401
402
886
644
645
403
887
404
646
888
405
647
889
406
648
649
407
408
409
890
891
892
650
651
893
410
894
652
411
895
653
654
896
412
655
413
897
656
414
898
657
415
899
658
416
417
659
418
419
660
661
662
420
663
421
422
664
423
665
424
666
425
667
426
668
669
427
428
429
670
671
672
430
673
431
432
674
675
433
434
676
677
435
436
678
437
679
438
439
680
681
440
682
441
683
442
684
200
685
443
201
686
202
444
203
687
445
204
688
446
205
447
689
206
448
207
449
208
209
690
691
692
450
451
693
210
452
694
695
211
453
454
696
212
697
213
455
698
214
456
699
215
457
216
458
459
217
218
219
460
461
462
220
463
221
222
464
465
223
224
466
225
467
226
468
469
227
228
229
470
471
230
472
473
231
474
232
233
475
476
234
235
477
236
478
237
479
238
239
480
481
240
482
483
241
242
484
485
243
244
486
245
487
488
246
247
489
248
249
490
491
492
250
493
251
494
252
253
495
254
496
255
497
256
498
257
499
258
259
260
261
262
263
264
265
266
267
268
269
270
271
272
273
274
275
276
277
278
279
280
281
282
283
284
285
286
287
288
289
290
291
292
293
294
295
296
297
298
299
900
901
902
903
904
905
906
907
908
909
910
911
912
913
914
915
916
917
918
919
920
921
922
923
924
925
926
927
928
929
930
931
932
933
934
935
936
937
938
939
940
941
942
700
701
943
702
703
704
705
706
707
708
709
710
711
712
713
714
715
716
717
718
719
720
721
722
723
724
725
726
727
728
729
730
731
732
733
734
735
736
737
738
739
740
741
742
500
501
743
502
744
745
503
504
746
505
747
748
506
749
507
508
509
750
751
510
752
511
753
754
512
755
513
514
756
757
515
516
758
759
517
518
519
760
761
762
520
521
763
522
764
765
523
766
524
525
767
768
526
769
527
528
529
770
771
772
530
531
773
774
532
775
533
776
534
535
777
778
536
537
779
538
539
780
781
540
782
783
541
300
784
542
543
301
785
302
786
544
303
545
787
788
304
546
305
789
547
306
548
307
549
308
309
790
791
550
792
551
793
552
310
794
311
795
553
312
554
796
797
313
555
798
556
314
557
799
315
558
316
317
559
318
319
560
561
320
562
321
563
564
322
565
323
324
566
325
567
326
568
327
569
328
329
570
571
330
572
331
573
332
574
333
575
334
576
577
335
336
578
337
579
338
339
580
581
340
582
341
583
584
342
100
101
343
585
586
102
344
345
103
587
346
104
588
105
347
589
348
106
107
349
108
109
590
591
350
592
351
593
110
352
594
353
111
595
112
596
354
355
113
597
598
356
114
599
115
357
358
116
117
359
118
119
10
11
12
13
14
15
16
17
18
19
360
361
120
362
363
121
122
364
365
123
366
124
125
367
368
126
369
127
128
129
20
21
22
23
24
25
26
27
28
29
370
371
130
372
131
373
132
374
133
375
134
376
135
377
136
378
137
379
138
139
30
31
32
33
34
35
36
37
38
39
380
381
382
140
141
383
384
142
143
385
386
144
145
387
146
388
147
389
148
149
40
41
42
43
44
45
46
47
48
49
390
391
150
392
393
151
152
394
153
395
154
396
155
397
398
156
157
399
158
159
50
51
52
53
54
55
56
57
58
59
160
161
162
163
164
165
166
167
168
169
60
61
62
63
64
65
66
67
68
69
170
171
172
173
174
175
176
177
178
179
70
71
72
73
74
75
76
77
78
79
180
181
182
183
184
185
186
187
188
189
80
81
82
83
84
85
86
87
88
89
190
191
192
193
194
195
196
197
198
199
90
91
92
93
94
95
96
97
98
99
