67 153.4014599867725 68 153.40211144179895 12 153.40235615079365 134 153.4044494047619 470 153.4055720899471 132 153.4058878968254 168 153.40849371693122 825 153.40856812169312 557 153.4086954365079 120 153.41782076719576 97 153.42132109788358 105 153.42513227513228 34 153.4252447089947 264 153.4283912037037 306 153.4410201719577
71 151.01836805555556 72 151.9587466931217 76 152.09965277777778 74 152.36490740740743
480 150.1186359126984 805 150.1207771164021 281 150.1214632936508 441 150.13224537037036 488 150.14518683862434 710 150.14941468253969
474 139.53597883597882
942 151.2802843915344 691 151.28494212962963
233 129.2271494708995
426 61.801772486772485 459 75.80259424603175 219 99.52635912698413 382 117.09280753968254
473 133.54681712962963 286 133.54813161375662 424 133.57130952380953
194 133.85470072751323 305 142.56854828042327 548 142.59410383597884 311 142.70189318783068 279 146.9983664021164 790 147.00156415343915
759 96.5092013888889 783 114.24372354497353 599 118.3712681878307 834 135.50854497354499 801 144.2144031084656 89 144.2550595238095 916 148.65327215608465
683 151.4614302248677 543 151.4696726190476 661 151.53833994708995 774 151.68750165343914 218 152.1284623015873 695 152.5832837301587 635 152.58422288359787 639 153.023125 436 153.15303571428572 504 153.15720403439153 249 153.15781580687832
210 149.70952546296297 720 153.01236276455026
723 152.6779613095238 179 152.67884755291004
207 151.7160962301587 67 151.71612103174604 170 151.71814153439152 443 151.71814814814815 12 151.71816633597885 34 151.72160052910053 64 151.7309837962963 13 151.74426587301588
145 85.52070932539682 139 85.52071097883598 146 85.52071097883598 152 85.52071263227513 143 85.52071428571428 244 85.52071428571428 147 85.52071428571428
182 150.66850363756615 509 150.6709341931217 347 150.67730324074074 677 150.72365244708993 205 150.73431382275132 290 150.82756283068784 173 150.9547982804233 771 150.95513723544974 169 150.95518022486772 287 150.95616567460317 225 150.95704034391534 208 150.95791005291005 190 150.96224206349206 170 150.96876984126985
680 152.60243386243388
921 140.3029894179894 826 140.30421626984128 799 140.30435846560846 645 140.3072767857143 317 140.31272652116402 402 140.31299437830688 798 140.31354332010582
6 125.87232969576719 1 125.8724537037037 2 125.87253472222223 7 125.87261408730159 4 125.87332671957672 9 125.87359623015874 0 125.87398644179893 3 125.87658895502645
6 127.0236044973545 10 127.0236789021164 1 127.02374173280424 2 127.02383928571429 7 127.02391534391535 4 127.02406084656084 0 127.02483134920634 3 127.02516699735449
254 152.67692129629629 795 152.67694279100527 392 152.67699735449736 709 152.67723875661375 550 152.67782738095238
81 114.63609788359788 78 114.63609953703703 125 114.6361011904762 88 114.6361011904762 95 114.63610284391535 86 114.63610284391535 87 114.63610615079365 80 114.63610945767195
341 133.9599718915344 827 133.9605191798942 286 133.96151455026455 724 133.9616302910053
183 143.08429728835978 136 147.78196924603176 598 153.04487599206348 303 153.18324570105818
34 148.5924966931217 217 148.59253141534393 66 148.5926207010582 13 148.59270006613755 926 148.5931712962963 307 148.593232473545 745 148.59468584656085 69 148.59522982804233 132 148.60214616402115 356 148.6029298941799 418 148.60649636243386 140 148.60696097883596 919 148.61361276455025
769 151.67449074074074
203 153.5334904100529 332 153.53351851851852 714 153.5353091931217 503 153.53558366402117 167 153.53628802910052
6 128.1559408068783 10 128.1560697751323 1 128.15616402116402 2 128.15624834656086 7 128.15631283068782 4 128.15718915343916 9 128.15734623015874 0 128.15770337301586
772 148.4532638888889
345 148.96536541005293 81 148.96536541005293 78 148.96536706349207 137 148.9653687169312 88 148.9653687169312 95 148.96537037037038 86 148.96537202380952 337 148.96537367724866 791 148.96537533068783 87 148.96537698412698 316 148.96537863756615 678 148.96538194444443 80 148.96538194444443 851 148.96538525132274 552 148.96538525132274 850 148.96541005291004 85 148.96541170634922 271 148.96541335978836 229 148.9654150132275 278 148.96541666666667
122 148.40212466931217 79 148.40212632275131 149 148.40212797619046 129 148.40212962962963 831 148.4027876984127 92 148.4027943121693
906 148.59369212962963 530 148.59375 324 148.59390211640212 743 148.593998015873
11 149.61579530423282 692 149.61583002645503 13 149.6160730820106 69 149.63228670634922 101 149.63301917989418 824 149.6350992063492 586 149.6618072089947 103 149.68275793650795 34 149.69684854497353
476 141.14048776455024 656 144.8871626984127 657 149.31473214285714 581 152.90816964285713
432 152.54875496031747
7 126.16410548941799 6 126.16418816137565 10 126.16425595238096 1 126.16575562169312 2 126.16594742063492 4 126.16615244708994 9 126.16639384920634 0 126.1667080026455
844 152.08618055555556 651 152.09080687830686 260 152.09093584656085 318 152.1471626984127
813 152.2314070767196
627 148.58978174603175 655 148.58985284391534 307 148.58997685185184 632 148.59090773809524
532 151.84161044973544 890 151.84180555555554 261 151.84216104497355 551 151.84239914021165 465 151.84254464285715 188 151.84270667989418
6 127.02362433862433 1 127.02375992063492 2 127.02385085978837 7 127.02393683862435 4 127.02407738095238 9 127.02423445767197 0 127.02484788359789 3 127.0251851851852
224 153.03989914021162
242 147.3486937830688 204 147.34964285714287 172 147.35185185185185 165 147.36417493386244 160 149.97849867724867 195 149.99298115079367 353 150.0273330026455 535 150.9514351851852
326 87.26776124338623 228 87.26777281746033 931 87.26777281746033 258 87.26777612433862 346 87.27406084656084 475 87.2860582010582 339 87.28606316137567 240 87.28606812169312
733 148.45018022486772 393 152.90113425925924
81 122.70675099206349 78 122.70675264550266 137 122.70675264550266 88 122.70675264550266 125 122.7067542989418 95 122.7067542989418 86 122.7067542989418 87 122.70675925925926
237 152.3124603174603 269 152.31293816137565 300 152.3135119047619
469 153.01485284391532 761 153.01495535714287 355 153.01517195767195 400 153.01715443121694 239 153.01805224867726 868 153.01879464285716
68 153.27127314814814 13 153.27156084656085 120 153.27224041005292 66 153.2734556878307 93 153.27371362433863 97 153.2740343915344 94 153.27500496031746 105 153.27503802910053 235 153.27712466931217 12 153.27754298941798 34 153.2790658068783 11 153.28185185185185 363 153.28315145502646 654 153.28672784391534 643 153.29062665343915 108 153.3216154100529 434 153.3241617063492
530 148.59383763227513
757 140.88149966931218 780 140.8817328042328 746 140.88175264550264 856 140.88175760582013 623 140.88176917989418 548 140.8817724867725 579 140.8817857142857 516 140.88201554232805 222 140.88205026455026 777 140.88208333333333 508 140.88225694444444 604 140.88232142857143 577 140.88255952380953 493 140.88263723544975 704 140.88286541005291 730 140.88287037037037 511 140.88357473544974 321 140.88378472222223 494 140.88392195767196 660 140.88404927248678
905 150.94653439153439
51 143.0862748015873 41 143.08636904761903 25 143.0864302248677 39 143.08647486772486 29 143.0865244708995 36 143.0866617063492 31 143.08684854497355 33 143.0869031084656 20 143.0869593253968 19 143.0869957010582 21 143.0870453042328 23 143.0871527777778 15 143.0872123015873 14 143.0872585978836 16 143.08728835978835 30 143.0873115079365 35 143.08732969576718 26 143.0874222883598 22 143.08744378306878 17 143.08753968253967 28 143.0875562169312 43 143.08771825396826 24 143.0877414021164 37 143.08789517195768 32 143.0879298941799 27 143.08796792328044 42 143.0880009920635 49 143.08807208994708 45 143.08821593915343 56 143.08825396825398 53 143.0883416005291 40 143.08848214285715 46 143.08853835978837 55 143.08867394179893 59 143.0887251984127 54 143.08886243386243
161 146.0017476851852 406 146.70045634920635 231 147.03056712962965 884 152.61398478835977 811 152.9064880952381 554 153.0491005291005 224 153.33099041005292
6 129.29752314814814 10 129.2976025132275 1 129.29770337301588 2 129.29786375661374 7 129.2986292989418 4 129.29883763227514 0 129.29924768518518 3 129.29973544973544
6 126.31771825396825 10 126.31778108465609 1 126.31830026455026 2 126.31837301587302 7 126.31980324074073 4 126.31994378306878 9 126.32010085978837 0 126.32034556878307
179 152.66537037037037 866 152.6657886904762 75 152.66639880952383 440 152.66772486772487 340 152.67222056878308 603 152.67742559523808 65 152.68039847883597 70 152.6869246031746
6 129.29752810846563 10 129.29760747354499 1 129.29770998677247 2 129.29786871693122 7 129.29863591269842 4 129.29885912698413 9 129.29899636243385 0 129.29925264550263
320 151.24522652116403 12 151.24654265873016 227 151.25640542328043 114 151.26321593915344 11 151.27438161375662 207 151.28174107142857 66 151.28283895502645 34 151.29866732804234
410 152.14737764550264 760 152.15223544973546
321 146.9472156084656 348 146.95597056878307 140 146.9774751984127 227 146.98825727513227
340 152.5322371031746 814 152.532898478836 75 152.533416005291 142 152.5380472883598 235 152.53813822751323 65 152.56726851851852 70 152.5738921957672
61 121.58718584656084 214 134.4404546957672 311 143.02495370370372 63 147.45751322751323
686 34.366917989417985 325 115.67234126984128 73 149.83271494708993
739 144.96500330687832 903 144.96544808201057 169 144.96767526455028 936 145.02937500000002
541 130.5807490079365 10 130.58162698412698 1 130.5816765873016 2 130.5817394179894 7 130.5818353174603 4 130.5819345238095 0 130.58236276455025 3 130.58298445767196
51 138.82652777777778 41 138.82658399470898 25 138.82660879629628 39 138.82662863756613 29 138.82664682539684 58 138.82666832010582 36 138.8267113095238 31 138.82680224867724 33 138.8268253968254 20 138.82684854497353 19 138.82687003968255 21 138.82688492063494 23 138.82693287037037 15 138.82695271164022 14 138.8269742063492 16 138.82698908730157 30 138.82701223544973 35 138.82702711640212 26 138.82706183862433 22 138.82707506613755 17 138.82710648148148 28 138.82712632275133 43 138.82718749999998 24 138.82720403439154 37 138.82729828042326 32 138.82731977513225 27 138.82733796296296 42 138.8273578042328 49 138.82739417989418 45 138.82744543650793 56 138.82746197089946 53 138.82749834656084 40 138.82756613756615 46 138.82758432539683 55 138.82765542328042 59 138.82767361111112
735 153.08025958994708 900 153.08122519841268
663 143.60860945767195 722 143.6125462962963
145 85.25384259259259 143 85.25384259259259 147 85.25384259259259 152 85.25384424603175 150 85.2538458994709 139 85.25384755291005
71 151.06239914021165 130 151.1920023148148 74 152.09743386243386 72 152.51118716931217
79 152.82772156084656 83 152.82772817460318 92 152.82772982804232 106 152.82860615079366 712 152.8286259920635 122 152.8286474867725 138 152.8286541005291 201 152.82866236772486 148 152.82868551587302
386 153.09155588624338 725 153.10912367724868 463 153.12809854497354
161 145.23736607142857 567 152.61355324074074 896 153.1699718915344 235 153.4164021164021 293 153.59919477513228
634 146.25720238095238 873 152.63697255291004 362 152.67463624338623
79 134.38510085978837 122 134.38510085978837 164 134.38510582010582 138 134.38510912698413 106 134.38511078042328 156 134.38511904761904 201 134.3851207010582 92 134.38512566137564 83 134.3851421957672 91 134.38514550264549
675 130.36774305555556 226 147.51777447089947 766 151.80211474867724 502 151.80306216931217
375 150.96027281746032 755 150.96310846560846 937 150.96488921957672
150 87.4622123015873 147 87.46224371693123 145 87.50386078042328 143 87.50386078042328 152 87.50386243386244 139 87.50386243386244
163 95.12264384920634 155 95.12264550264551
345 139.57176917989418 81 139.57177083333332 78 139.5717724867725 137 139.5717724867725 88 139.5717724867725 125 139.57177414021166 86 139.57177414021166 337 139.5717757936508 316 139.57177744708994 87 139.57177744708994 80 139.57178075396826 85 139.5717857142857 271 139.57178736772488 278 139.57178902116402 229 139.57178902116402
191 151.7122437169312 67 151.71229166666666 12 151.71231481481482 34 151.72135416666666 64 151.73098710317458 101 151.75864914021162 192 151.77779100529102 114 151.8790376984127
856 141.24417824074075 666 141.2489947089947
71 150.7649074074074 72 151.87713293650793 76 152.07853835978835 130 152.25800925925927
605 151.1165658068783 910 151.11719907407408 935 151.1184126984127 628 151.1374437830688 365 151.13926256613755 619 151.1437037037037
51 142.97377645502644 41 142.97392691798942 25 142.9739666005291 39 142.9740476190476 29 142.97409060846562 58 142.9741220238095 36 142.97417162698412 31 142.97438822751323 20 142.9744990079365 19 142.97451884920633 21 142.97454695767198 23 142.97461144179894 15 142.97463624338624 14 142.97466104497354 16 142.97469576719575 30 142.974730489418 35 142.97475363756615 26 142.9748082010582 22 142.97482804232803 17 142.97487764550266 43 142.97502645502647 24 142.9750529100529 37 142.9751884920635 32 142.9752033730159 27 142.9752414021164 42 142.97526951058202 49 142.97532903439154 45 142.97540674603175 56 142.97543154761905 53 142.97548445767194 40 142.97562996031746 46 142.97564814814814 55 142.97573412698412 59 142.9757605820106 54 142.97585152116403
382 103.44271329365078 61 120.87611607142857 102 142.29618386243388 636 142.3013988095238 447 146.72759920634923 614 146.73296792328043 89 146.81066964285714
768 152.6135978835979 690 152.616207010582 808 152.63334821428572 787 152.71370205026454
6 130.29957671957672 10 130.2996279761905 1 130.29967923280424 2 130.29972552910053 7 130.29978505291007 4 130.2999255952381 9 130.30004133597882 0 130.300226521164
187 140.8881349206349
65 150.72717757936508 726 150.72748346560846 384 150.72972222222222 442 150.73255952380953 671 150.73283564814815 496 150.7329298941799 144 150.76331845238096 18 150.7949222883598
549 151.84310515873017 188 151.84330026455027 351 151.84344907407407 551 151.8435863095238
939 151.40700396825397 871 151.40736937830687
300 151.79631448412698 142 151.79945601851853 65 151.8051273148148 75 151.8055539021164 70 151.81344246031745 283 151.82690476190476 701 151.8685333994709
374 147.25695105820105 369 147.26006944444444 304 147.28055224867725 911 147.355582010582
313 48.94051587301587 396 113.64940972222223 61 118.02358134920635 641 131.01388723544974 911 139.53131117724868 89 143.7373611111111 502 143.87611607142858 215 148.16267195767196
74 151.87117559523807 76 151.93716931216932 130 151.94476686507937 71 152.08224041005292
892 73.23744874338624 729 73.24352182539683 674 73.25061177248678
729 73.18685185185186 892 73.23753306878307 453 73.23795634920636 553 73.2564699074074
923 150.22101686507935 366 150.2213425925926 157 150.23121362433864 13 150.23553240740742 252 150.2476240079365 114 150.25166997354498 12 150.26083664021164 11 150.26528273809524
748 151.6771875
697 151.73182870370368
313 50.52034722222222 193 90.41790674603175 706 107.94191302910052 73 116.66129298941799 61 120.9421412037037 610 120.94240906084657 259 138.2287880291005 484 138.23904596560845
571 151.0974041005291 173 151.0974255952381 520 151.09778108465608 234 151.0980968915344 367 151.09873511904763 943 151.09906746031746 182 151.10016699735448 778 151.11902447089946
531 140.88055555555556 404 140.88065972222222 482 140.8807705026455 372 140.8808697089947 680 140.88091435185186 777 140.88098875661376 727 140.88102843915345 202 140.88107142857143
150 85.97775628306879 139 85.97821924603174 145 85.9782208994709 244 85.9782208994709 152 85.97822255291005 146 85.97822255291005 143 85.97822255291005
174 140.9558597883598 41 140.95599537037037 25 140.95603835978835 39 140.95607473544973 29 140.9561078042328 58 140.95615244708995 36 140.9562318121693 31 140.9564236111111 33 140.95646329365078 20 140.95650132275134 19 140.9565343915344 21 140.95657738095238 23 140.95664847883597 15 140.95668485449735 14 140.9567261904762 16 140.9567609126984 30 140.956789021164 35 140.95682043650794 26 140.95690145502644 22 140.9569345238095 17 140.95699735449736 28 140.95702546296295 43 140.95715443121694 24 140.95718584656083 37 140.95737764550265 32 140.95741567460317 27 140.95745370370372 42 140.95749007936507 49 140.95755291005293 45 140.95773644179894 56 140.95777281746032 53 140.95784391534391 40 140.9580142195767 46 140.95805720899472 55 140.9583234126984 59 140.9583630952381
6 128.15592757936508 10 128.1560515873016 1 128.1561541005291 2 128.15623677248678 7 128.15630291005291 4 128.15717923280422 9 128.15733796296294 0 128.1576917989418
34 152.59990740740741 68 152.59997685185186 12 152.6000248015873 67 152.60008101851852 291 152.6001388888889 13 152.60019014550267 157 152.6002166005291 378 152.60042824074074 64 152.60113756613757 94 152.61012896825397 835 152.61070932539684 191 152.6246412037037 103 152.65758928571427 109 152.67205687830688 93 152.6801917989418 66 152.68443783068784
569 147.44023148148148 207 147.44036044973544 669 147.44386078042328 688 147.4565443121693 824 147.45841104497353 90 147.46093915343914 132 147.46594576719576 923 147.49719907407408
6 130.45049603174604 10 130.4505505952381 1 130.450603505291 2 130.45066468253967 7 130.4507357804233 4 130.45085482804234 9 130.45096726190476 0 130.4511507936508
161 144.47564814814814 231 146.75036044973544 591 150.3405787037037 423 152.4628687169312
816 152.12706845238094
461 131.25427083333332 411 131.26382275132275 749 131.30986607142856
922 146.32543816137564 658 147.3156283068783
51 138.12307539682539 41 138.1231878306878 25 138.12322089947088 39 138.12324735449735 29 138.12328373015873 58 138.12332506613757 36 138.12340773809524 31 138.12362433862432 33 138.12364914021165 20 138.1236789021164 19 138.12371858465607 21 138.12376488095236 23 138.1238392857143 15 138.12386739417988 14 138.12390211640212 16 138.12394345238096 30 138.12398974867725 35 138.12402447089949 26 138.12411044973547 22 138.1241402116402 17 138.12421296296296 28 138.1242625661376 43 138.1244212962963 24 138.124460978836 37 138.12466765873017 32 138.12471064814815 27 138.12475694444444 42 138.12479828042328 49 138.12487433862435 45 138.1249751984127 56 138.1250248015873 53 138.1250892857143 40 138.12524636243387 46 138.1252843915344 55 138.1254431216931 59 138.12547123015872
416 150.5824751984127 645 150.5824867724868
6 126.31771494708995 1 126.31829365079363 2 126.31836805555555 7 126.31979166666666 4 126.31994047619048 9 126.3200958994709 0 126.32033564814814 3 126.32080026455027
67 153.43204034391533 34 153.43226355820104 68 153.43303571428572 381 153.43361772486773 134 153.43385912698412 120 153.43450066137567 12 153.43817625661376 97 153.44353339947088 13 153.46639715608467 64 153.49597718253966
482 152.4534275793651 817 152.45396164021162
123 29.768169642857142 166 29.768169642857142 115 29.7681712962963 126 29.768172949735447 107 29.768172949735447 116 29.768172949735447 131 29.768174603174604 113 29.76817791005291 111 29.76817791005291 128 29.76818287037037 119 29.768184523809527 124 29.768186177248676 99 29.768186177248676 153 29.768187830687832 98 29.768187830687832 104 29.76818948412698 127 29.768191137566138 118 29.768192791005294
615 132.3942609126984 601 132.39608465608467 496 132.4277380952381 721 132.42940641534392 860 132.45580191798942
361 152.58368055555556 65 152.58987268518518 340 152.58999007936507 814 152.59833994708993
51 139.56228174603174 41 139.56238095238095 25 139.56241567460316 39 139.56245535714285 29 139.56249338624337 58 139.5625281084656 36 139.56260085978835 31 139.56277612433863 33 139.56281084656084 20 139.5628488756614 19 139.56288194444446 21 139.56291501322752 23 139.5629877645503 15 139.563017526455 14 139.56304894179894 16 139.563082010582 30 139.56311342592593 35 139.56314814814814 26 139.56320601851854 22 139.56323082010582 17 139.56329365079367 28 139.5633234126984 43 139.56346395502646 24 139.56349702380953 37 139.56367228835978 32 139.5637037037037 27 139.56373842592592 42 139.56377314814813 49 139.5638425925926 45 139.56394675925927 56 139.56397486772488 53 139.56405092592593 40 139.56418485449734 46 139.56422453703703 55 139.56435846560848 59 139.56439153439155
809 101.54915839947091 13 150.36535218253968 191 150.37161706349207 612 150.39243386243385 103 150.39613425925927 12 150.4011326058201 11 150.417414021164 34 150.42717592592592 101 150.4499933862434
73 137.7994427910053 259 146.509730489418 61 146.5097652116402 315 146.50980985449738 522 146.51042989417988
73 138.26236772486772 518 138.2870138888889 63 142.56011574074074 484 146.97620866402116 198 146.97699404761903 226 151.26208994708995
925 133.53578869047618 611 137.53578538359787 215 141.81902116402117
605 147.25964781746032 849 147.25966765873017
168 143.89119212962964 202 143.8945205026455 450 143.9066435185185
150 85.51904265873016 139 85.51932705026455 145 85.5193287037037 244 85.5193287037037 147 85.51933201058202 146 85.51933366402116 143 85.51933366402116
556 105.12165343915343 859 135.42733465608467 379 135.43016038359787 468 152.84304232804232
251 152.6883234126984
328 152.6059093915344 224 153.10314153439154 555 153.1038740079365
518 94.42054894179894 61 116.21052248677249 784 133.35548941798942 801 137.79128472222223 185 137.82889550264548
194 137.2956746031746 73 141.5799537037037 279 146.00898313492064 219 146.01015707671957
34 153.3208812830688 13 153.32105654761904 97 153.3211292989418 120 153.32113921957674 134 153.32128802910051 108 153.3216335978836 12 153.32285714285715 67 153.3229431216931 559 153.32870205026455 94 153.33098214285715 264 153.33951223544975 597 153.35384259259257 93 153.35880125661376 358 153.36410714285714 11 153.36754794973544 306 153.3687781084656
494 140.89293981481484 253 140.897769510582 909 140.8984722222222
41 136.14919477513226 51 136.1491980820106 39 136.14921792328042 29 136.14922123015873 58 136.14922619047618 25 136.14922784391533 36 136.14924603174603 33 136.14926752645502 31 136.14927414021162 20 136.14927744708996 21 136.1492824074074 19 136.14928571428572 23 136.1492972883598 14 136.1493039021164 15 136.14930886243388 16 136.1493138227513 30 136.14932374338625 35 136.14932374338625 26 136.1493386243386 22 136.14934193121695 17 136.14935515873017 28 136.1493601190476 43 136.14937996031745 24 136.14938326719576 37 136.1493998015873 27 136.14941633597883 32 136.149417989418 42 136.14941964285714 49 136.14944113756616 45 136.14944609788358 56 136.14945105820107 53 136.14946924603174 40 136.14948743386245 46 136.14949074074073 55 136.14951554232806 59 136.14952215608466
51 143.25725363756615 41 143.25737433862435 25 143.2574074074074 39 143.25743716931217 29 143.25746527777778 58 143.25751653439153 36 143.25762566137567 33 143.25789186507936 20 143.25792328042328 19 143.2579580026455 21 143.25801917989418 15 143.25819113756614 14 143.25826719576722 16 143.25829861111112 30 143.25834821428572 26 143.25863921957674 22 143.25868055555554 17 143.2587830687831 28 143.2588177910053 43 143.25897982804233 24 143.25902116402116 37 143.25929067460316 32 143.25938657407409 27 143.25942791005292 49 143.25958664021164 45 143.25973710317461 56 143.25977017195768 53 143.25982638888888 40 143.2599388227513 46 143.25996527777778 55 143.26006283068784 59 143.26008763227514 54 143.26016203703705
6 129.29754464285713 1 129.2977199074074 2 129.2978869047619 7 129.29864417989418 4 129.29886408730158 9 129.29900958994708 0 129.29926587301588 3 129.29975529100528
334 147.57341104497354 239 147.57517857142858 930 147.5825181878307 796 147.587564484127 77 147.59492063492064
638 150.40778273809525
437 133.5139384920635 668 133.51446593915344 593 133.51853174603175 257 133.6079117063492
211 150.0229447751323 702 150.0232175925926 898 150.0275
220 151.03480324074076 66 151.03498842592595 34 151.03578207671958 13 151.0370667989418 140 151.03812334656084 320 151.0846693121693 227 151.13174107142856 101 151.13834490740743
10 126.44436177248677 6 126.44446593915345 1 126.44460648148147 2 126.44496693121692 7 126.44506448412697 4 126.44523644179894 9 126.44538525132276 0 126.44610119047618
763 150.2378869047619
598 152.57358134920636 171 152.74033730158732 238 153.1061937830688 540 153.24801091269842
453 73.26656249999999
51 140.10861276455026 41 140.1087367724868 25 140.10877645502646 39 140.10881283068784 29 140.10884920634922 58 140.10888558201057 36 140.10897156084656 31 140.10915674603174 33 140.10920304232803 20 140.10923941798941 19 140.10928240740742 21 140.10932043650794 23 140.1093998015873 15 140.10943121693123 14 140.1094742063492 16 140.10951058201059 30 140.10955357142856 35 140.10959325396826 26 140.10968088624338 22 140.10972718253967 17 140.10979166666667 28 140.1098330026455 43 140.10999999999999 24 140.11004133597885 37 140.11026455026453 32 140.11029927248677 27 140.11034226190475 42 140.11037533068782 49 140.11044312169312 45 140.11053736772487 56 140.11056712962963 53 140.1106431878307 40 140.1108382936508 46 140.1108845899471 55 140.1110333994709 59 140.11107804232805
7 132.11275793650793 10 132.11279265873014 6 132.11283234126984 1 132.11287202380953 2 132.11289682539683 9 132.113039021164 0 132.11313326719576 3 132.11330522486773
71 151.06558531746032 76 152.09480489417987 130 152.30754794973544 74 152.51756283068784
454 121.71463955026454
802 133.31898313492064
224 153.0399222883598 690 153.15030257936507
305 100.73780423280422 429 113.88108961640212 779 118.31284722222223 610 131.3029828042328 379 131.45712136243387 73 135.32264550264549 89 144.023955026455 523 148.4607986111111
819 151.8456564153439 904 151.8456613756614 395 151.8457986111111 412 151.8458564814815 620 151.84586144179895 704 151.8459060846561
609 123.5104580026455
6 125.72806878306879 1 125.72822420634921 2 125.72830357142857 7 125.72837632275133 4 125.72854993386244 9 125.72878802910051 0 125.72898809523811 3 125.7294675925926
6 127.02360945767197 10 127.02368386243387 1 127.0237466931217 2 127.02383928571429 7 127.02391865079365 4 127.0240658068783 9 127.02422123015874 0 127.02483796296296
651 141.27811673280425
168 133.56106977513227 257 133.6082308201058 252 133.8101521164021 687 133.82218915343915
405 151.01392195767195 467 151.0248478835979
435 65.66234292328042 296 65.66493055555556 301 65.66559854497355 298 65.66735615079365 331 65.66786210317461 329 65.67046296296296 280 65.67095238095237 289 65.67147486772487
13 149.7688425925926 69 149.76911375661376 11 149.79169808201058 612 149.82354662698413
6 132.02089285714285 10 132.0209375 1 132.0209837962963 2 132.02103009259258 7 132.0210796957672 4 132.02120370370372 9 132.02144841269842 0 132.02210978835978
840 151.82102843915342 168 151.82463789682538 12 151.83034226190478 854 151.8316451719577 434 151.8728835978836 90 151.9003191137566 64 151.92643022486772 13 152.11497354497357
246 152.5994427910053
310 118.41797123015873 536 143.10332341269842 693 145.97250826719576 499 148.16161871693123
84 152.5785085978836
187 140.89194279100528 587 140.89213624338623 826 140.89248677248676 558 140.94748181216931 288 140.97614087301585
491 152.43511243386243 352 152.43527943121694
51 142.91519841269843 41 142.9153224206349 25 142.9153621031746 39 142.91540343915344 29 142.91544146825396 58 142.9154761904762 36 142.91555720899473 31 142.91572916666667 33 142.91576223544973 20 142.9157919973545 19 142.91583002645504 21 142.91586805555556 23 142.91594742063492 15 142.9159837962963 14 142.91602347883597 16 142.91605324074075 30 142.9160945767196 35 142.91613425925925 26 142.91621362433864 22 142.91624834656085 17 142.9163177910053 28 142.91635912698413 43 142.91652777777776 24 142.9165625 37 142.9167509920635 32 142.91678736772488 27 142.9168253968254 42 142.91686177248678 49 142.91694775132277 45 142.9170601851852 56 142.91710152116403 53 142.9171593915344 40 142.91729166666667 46 142.91732142857143 55 142.91745866402115 59 142.9174884259259
51 144.7067791005291 29 144.70682208994708 25 144.70687334656085 20 144.7069345238095 19 144.70694775132273 31 144.7069593253968 21 144.70696263227515 33 144.70696593915343 15 144.70698578042328 23 144.70699404761905 16 144.7069990079365 35 144.70701388888887 14 144.70701554232807 22 144.7070419973545 17 144.70706514550264 28 144.70706679894178 24 144.70712632275132 37 144.7071626984127 32 144.70717592592592 27 144.70717923280424 42 144.70718584656083 45 144.70721395502648 49 144.70722552910053 46 144.70729332010583 40 144.70729497354498 55 144.70732969576719 59 144.7073363095238
529 143.87967261904762
476 141.14051256613757 656 144.88719576719578 657 149.31467592592594 920 152.4220353835979
437 105.12117394179893 357 105.23539186507936 843 119.38783895502645
655 148.59336144179892 324 148.59345403439153 631 148.59355985449736 818 148.59443287037035
477 144.42205853174605 810 144.4308779761905
165 147.94537367724868 172 147.96781249999998 204 148.08152447089947 353 148.08656084656084
338 150.80736276455025 726 150.80888723544973 458 150.81049107142857 361 150.81068452380953 907 150.81336970899468 65 150.81714285714284
339 46.423407738095236 360 46.42340939153439 248 46.42341104497355 333 46.42341104497355 326 46.4234126984127 679 46.423416005291 228 46.42341765873016 240 46.42341765873016
284 133.50176421957673 842 133.50731481481483 428 133.51422784391534
730 140.88299603174605 660 140.8837351190476
707 151.79930886243386 545 151.79945436507938 405 151.80307374338625 858 151.8031646825397 413 151.80379464285713 861 151.80417658730158 823 151.80440145502646 513 151.80494543650795 841 151.80555224867726 833 151.80608961640212 354 151.81251653439153 862 151.82576554232804 845 151.82669146825396 872 151.83028604497355 602 151.83479993386243 813 151.83481316137565
254 153.52947089947088 209 153.53003141534393 737 153.5300347222222 918 153.53019014550264 400 153.53083333333333 670 153.53099537037036 776 153.53122685185184 203 153.53330522486772 268 153.53483796296297 503 153.5356283068783 167 153.53611441798944 250 153.5371412037037 544 153.53866402116404 469 153.53974206349207
737 151.55464616402116 613 151.5556779100529 564 151.6876884920635
573 152.57274636243386 934 152.57276951058202 141 152.58766534391535 818 152.58892526455026
792 149.3671593915344 215 149.6452166005291
621 153.1429298941799 934 153.14295965608466 870 153.14386574074075 565 153.14437169312168
466 151.84414021164022
155 89.12325892857143 163 92.12214947089947
705 144.4072800925926 646 144.41293485449737 647 144.4150248015873 273 144.4357705026455
174 142.9283167989418 51 142.92835317460316 25 142.9284226190476 39 142.92845072751322 29 142.92847718253967 58 142.92850529100528 36 142.92855654761905 31 142.92867394179893 33 142.92870535714286 20 142.92873677248676 19 142.9287648809524 21 142.92878306878305 23 142.92884424603176 15 142.92885912698412 14 142.92888888888888 16 142.92891699735452 30 142.92894675925925 35 142.92897652116403 26 142.92901620370372 22 142.929041005291 17 142.92907903439152 28 142.9291121031746 43 142.92920304232806 24 142.92922784391536 37 142.92933201058202 32 142.92936177248677 27 142.9293998015873 42 142.92943121693122 49 142.92947916666668 45 142.92954530423282 56 142.92957506613757 53 142.92962136243386 40 142.92971395502644 46 142.92974206349206 55 142.92983796296298 59 142.92986607142856
695 153.01834490740742 513 153.01845403439154 141 153.01858465608464
396 98.86704365079365 750 103.2990591931217 63 146.5806960978836 61 146.58246858465608 522 146.58582341269843
76 151.18609126984126 72 151.87768187830687 74 151.96470568783067
155 90.55171461640212 163 90.55171461640212
209 153.53292658730157 332 153.53310515873017 203 153.5333564814815 689 153.53363260582012 268 153.53484623015873 167 153.53624338624337 250 153.5373296957672 336 153.54406415343914
51 144.81140376984126 41 144.81153935185185 25 144.81157903439154 39 144.8116154100529 29 144.81164847883596 58 144.81167824074075 36 144.81176421957673 31 144.81196593915342 33 144.81200892857143 20 144.81204530423278 19 144.81209986772487 21 144.81214285714285 23 144.81220403439153 15 144.8122337962963 14 144.8122619047619 16 144.81229828042328 30 144.81233796296297 35 144.81237103174604 26 144.81246693121693 22 144.8125033068783 17 144.81258597883598 28 144.81263392857142 43 144.8128240740741 24 144.81285714285715 32 144.81323412698413 27 144.8132671957672 42 144.81331845238097 49 144.81343584656085 45 144.81357804232806 56 144.813621031746 53 144.81381779100528 40 144.81410714285715 46 144.814148478836 55 144.8143468915344
677 149.52972387566138 760 149.53000496031746 375 149.69651785714285 586 149.69678406084654 352 149.7358349867725 821 149.73670800264549
452 71.39446263227512 622 71.39821097883598 759 102.52818948412698 325 115.67226851851852 853 124.1495882936508 61 128.57991567460317 588 145.723728505291
75 151.4471345899471 65 151.45628802910053 70 151.480355489418 210 151.50742228835978
216 152.2788558201058 376 152.39471064814813 439 152.53149636243387 221 153.1202017195767
848 141.11551587301588 380 141.11576884920635 888 141.1231712962963 525 141.1308912037037 806 141.16595403439155 368 141.22142691798942
357 131.5185582010582 706 131.99642195767197 915 137.1735185185185
563 150.94909722222224 136 150.95029431216932 182 150.95291832010582 173 150.95480985449734 571 150.9548230820106 771 150.95511243386244 287 150.95512400793652 169 150.95523313492063 665 150.9553125 943 150.95589947089948 472 150.95625826719575 225 150.9570205026455 208 150.95783234126984 839 150.9590558862434 190 150.96213293650794 367 150.96484292328043 170 150.96875 181 150.97229166666668
882 142.24132275132274
866 153.16481977513226 236 153.16487268518517 458 153.16500661375662 179 153.16529761904764 75 153.17068783068785 344 153.17872023809525 70 153.17994874338623
126 32.417430555555555 124 32.417430555555555 115 32.417430555555555 131 32.417430555555555 118 32.417430555555555 98 32.417430555555555 128 32.41743220899471 127 32.41743220899471 111 32.41743220899471 121 32.41743220899471 166 32.41743220899471 99 32.41743220899471 110 32.41743386243386 100 32.41743386243386 153 32.41743386243386 107 32.41743386243386 119 32.41743551587302 116 32.41743551587302
887 146.7254761904762
390 148.97893022486772
528 152.5526421957672 354 152.55316302910055 808 152.57604497354498
296 65.66499834656085 301 65.66566633597884 298 65.6674255952381 331 65.66792989417989 329 65.67053075396825 280 65.67102017195768 289 65.67154265873016 649 65.67203042328042
870 150.60165509259258 589 150.60548611111113 748 150.60553240740742 650 150.66977182539682 542 150.67289847883598 735 150.73162863756613 350 150.7346775793651 394 150.7350066137566 644 150.82759755291005 446 150.8294031084656
627 148.5933878968254 672 148.5934308862434 930 148.59343584656085 703 148.5934474206349 217 148.5935466269841 410 148.59355324074073 926 148.59357473544975 564 148.59363425925926 175 148.59366732804233 445 148.59375165343914 616 148.5940443121693 736 148.59419642857142
123 92.10122685185186 126 92.10123015873016 115 92.10123015873016 176 92.10123181216932 116 92.10123181216932 131 92.10123346560847 107 92.10123346560847 111 92.10124007936508 113 92.10124173280423 128 92.1012533068783 119 92.10125826719576 124 92.10126157407407 99 92.10126322751323 153 92.10126488095239 98 92.10126653439154 104 92.10126818783068 127 92.10127314814815 118 92.10127645502646
899 94.97951884920634
896 153.18758763227513 397 153.24384093915344 479 153.40237764550264 276 153.56208498677248 393 153.56212962962962
232 128.5603902116402
6 128.306271494709 1 128.3063607804233 2 128.30669312169312 7 128.3067791005291 4 128.30694113756613 9 128.3072123015873 0 128.30743716931215 3 128.30789517195768
23 137.52964451058202 15 137.52968253968254 14 137.52972387566138 16 137.5297585978836 30 137.5297900132275 35 137.52984126984126 26 137.52992228835978 22 137.5299603174603
6 128.44562334656084 1 128.44576719576722 2 128.44582341269842 7 128.44591765873014 4 128.44614583333333 9 128.44632605820107 0 128.4465625 3 128.4483630952381
51 139.56654431216933 41 139.5672982804233 25 139.56757605820107 39 139.56763558201058 29 139.56793981481482 58 139.56796792328043 36 139.56839285714287 31 139.5693898809524 33 139.56990906084656 20 139.5703158068783 19 139.5707556216931 21 139.5711441798942 23 139.57165674603175 15 139.5718816137566 14 139.57218584656084 16 139.5724041005291 30 139.57291832010583 35 139.5732671957672 26 139.57370535714284 22 139.57408564814816 17 139.5745138888889 28 139.57458994708995 43 139.57538855820107 24 139.575894510582 37 139.57688492063494 32 139.57723214285713 27 139.57745370370372 42 139.5775181878307 49 139.57821263227513 45 139.57894675925925 56 139.57912367724867 53 139.57928736772487 40 139.58056382275132 46 139.5810119047619 55 139.58195767195767 59 139.5819890873016
61 123.66572916666667 159 140.57051421957672 226 145.23406746031748 447 145.2350677910053 185 149.28465277777778
51 146.38706183862433 41 146.38716765873016 25 146.3872123015873 39 146.38725363756615 29 146.38728670634922 58 146.38734953703704 36 146.38741402116403 31 146.38759093915345 33 146.38765046296297 20 146.38769345238094 19 146.387726521164 21 146.38776951058202 23 146.38783895502644 15 146.38786871693122 14 146.38790839947092 16 146.38793816137564 30 146.38796957671957 35 146.3880109126984
51 138.82275132275132 41 138.82285714285715 25 138.82289517195767 39 138.8229265873016 29 138.82295469576718 58 138.82299603174602 36 138.82306878306878 31 138.82322916666666 33 138.82325892857142 20 138.82329365079363 19 138.82332506613756 21 138.82335317460317 23 138.8234193121693 15 138.82344742063492 14 138.8234837962963 16 138.8235119047619 30 138.82355158730158 35 138.82358465608465 26 138.82365244708996 22 138.82368386243385 17 138.8237466931217 28 138.8237748015873 43 138.82390376984125 24 138.8239384920635 37 138.82410383597883 32 138.82413855820107 27 138.8241650132275 42 138.8242046957672 49 138.82427414021163 45 138.8243716931217 56 138.8244064153439 53 138.8244675925926 40 138.8245916005291 46 138.82462466931216 55 138.8247437169312 59 138.82477678571428
864 143.88630125661376
6 129.29751653439155 10 129.2975925925926 1 129.29769345238097 2 129.29785218253969 7 129.29861937830688 4 129.29882605820106 9 129.2989847883598 0 129.29923776455027
357 119.97411871693123 371 119.97452050264549
6 128.01626653439155 1 128.01643353174603 2 128.01649636243388 7 128.01656746031745 4 128.0167294973545 9 128.01855985449734 0 128.01880456349207 3 128.019105489418
773 152.5694212962963 246 152.59201388888889
349 152.99491898148148 720 152.99498015873016
341 133.53765873015874 495 133.53799107142856 359 133.53803736772485 836 133.53909391534393 473 133.53970238095238 284 133.54088293650793 184 133.5433597883598 724 133.5437466931217 401 133.545958994709 295 133.54596726190476 696 133.54892691798943 424 133.55976025132276 827 133.56994212962962 601 133.57263558201058 669 133.57643683862435 846 133.58349537037037 687 133.59194444444444 257 133.60787367724868 247 133.6530787037037
448 152.4421412037037 392 152.442230489418
193 96.80636904761904 419 118.651605489418 925 131.83269345238097 538 144.5088773148148
594 152.66656084656083 389 152.66671296296295 889 152.6670304232804 188 152.66814484126985 617 152.66830357142857 241 152.66893353174603 933 152.67097222222222 589 152.67789847883597 251 152.68011904761903
630 148.59017195767197 230 148.59086474867723 626 148.5937318121693
676 151.83827876984128 863 151.83835317460318 246 151.8383912037037 841 151.83845568783067 789 151.83851355820104 261 151.83870205026454
902 141.25321097883597
608 146.1460333994709
732 150.23273478835978 233 150.23904761904762 485 150.23945601851852 422 150.23953207671957
874 148.23587136243387
492 148.5963392857143 848 148.59768683862436
165 153.38266203703702 189 153.3826636904762 223 153.38267030423282 535 153.38364748677247 342 153.38473875661376 172 153.38473875661376 160 153.38582837301587 204 153.3916832010582 242 153.39168485449736 353 153.39168485449736
775 152.26255125661376
222 140.2922685185185 372 140.29235945767195 877 140.29333498677246
350 151.8472800925926 607 151.8472800925926 863 151.84729828042327 789 151.84743386243386 354 151.84748346560846
884 152.61397321428572 633 152.62073743386242 733 152.771142526455 276 153.56211805555554
231 146.75038029100529 591 150.3405935846561 423 152.46292328042327 633 152.7252662037037 567 152.76814814814816 276 153.5621808862434
594 152.6665724206349 673 152.6666765873016 188 152.66816964285712 617 152.6683201058201 241 152.6689236111111 933 152.67099206349206 251 152.68012566137565 464 152.68018518518517
550 151.85876984126986 157 151.87107142857144 575 151.87214451058202 355 151.87241402116402 821 151.8752628968254
844 150.38583994708995 739 150.38954034391534 705 150.41981316137566 510 150.5441021825397
773 151.5470701058201 664 151.55094246031746 647 151.55751157407408 606 151.5732208994709 662 151.5749470899471 161 151.5805654761905 206 151.58147486772486
622 76.08208167989417 219 99.57312003968255 419 121.50762896825397 576 133.386207010582 185 137.8285548941799 426 138.81573743386244 275 147.4316683201058 63 147.45533564814815 468 150.8204332010582 315 150.8217824074074
6 126.31770833333333 10 126.31777116402117 1 126.3182886904762 2 126.31836144179894 4 126.3199322089947 9 126.32008928571429 0 126.32033068783069 3 126.3207953042328
34 153.03049107142857 67 153.03049107142857 12 153.03078042328042 68 153.03255456349206 64 153.04800760582012 94 153.07441302910053 93 153.08425925925926 13 153.09302414021164 11 153.10353835978836
435 65.66264054232803 296 65.66522817460317 301 65.66589781746032 298 65.66765707671958 331 65.66815972222223 329 65.67076554232804 280 65.67125496031747 289 65.6717757936508
744 75.25653108465609 380 75.26139384920636 927 75.26306878306879 531 75.26663194444444 924 75.31147486772487
624 134.42961970899472 322 136.1097685185185 749 137.26534556878306
888 142.8805572089947
466 151.84575892857143 319 151.84583664021164 394 151.8459986772487
783 123.51543650793651 556 127.12431547619046 457 135.57768683862435 462 144.30889715608467 89 148.71783895502645 162 153.01633763227514
486 146.90156084656084 237 153.15048445767195 847 153.1508912037037 555 153.15095403439153 585 153.15534556878305
770 148.51524470899471 650 148.51585813492062
452 48.01914351851852 853 118.38516203703705 194 127.09396825396826
165 147.14856812169313 172 147.6714880952381 204 147.74261243386243 189 151.51627645502646 223 151.52210813492064 160 151.54030423280423 212 151.64693617724868
883 150.8357490079365 619 150.83816633597885 561 150.84140542328043 365 150.84424603174602
71 150.6869246031746 130 151.18536375661375 74 151.95152281746033 76 152.09323412698413
929 142.0847585978836
941 143.45622519841268 272 143.57106812169312 872 143.58554232804232
517 145.25660714285715 912 145.30081514550264
237 152.16504794973545
460 143.94841765873016 738 143.94895998677248 908 143.95081514550265 184 143.9508597883598 286 143.95119047619048 341 143.95379464285713 721 143.95492394179894 401 143.95883432539682 937 143.962769510582 921 143.98304067460316 478 144.0294246031746
815 140.88974702380952 253 140.8903125 587 140.89044808201058 390 140.8905158730159
714 153.0251455026455 893 153.02525132275133
10 125.87219907407408 6 125.87229828042328 1 125.8724255952381 2 125.87250992063491 7 125.87260251322752 4 125.87329695767195 9 125.87357473544974 0 125.87395833333333
528 152.42979332010583 648 152.44381283068782
67 152.82369047619048 207 152.82370205026456 381 152.82395171957674 220 152.82409226190475 141 152.82414517195767 498 152.82433035714286 66 152.82473544973544 64 152.8249933862434 157 152.8254150132275 68 152.82840608465608 378 152.82908234126984 544 152.82958002645503 893 152.83312996031745 93 152.83534556878308 94 152.83655423280422 103 152.83661044973547 291 152.8370419973545 34 152.84068617724867 97 152.84993220899472 206 152.8631398809524 811 152.86768353174602 895 152.8857175925926
174 140.53623015873015 41 140.53636243386242 25 140.5363888888889 39 140.53641865079365 29 140.53645502645503 36 140.5366170634921 31 140.53678902116403 33 140.53682705026455 20 140.5368617724868 19 140.53689484126986 21 140.53692791005292 23 140.53699735449734 15 140.53703703703704 14 140.5370667989418 16 140.53710152116403 30 140.53713624338624 35 140.5371693121693 26 140.53722718253968 22 140.5372552910053 17 140.53733465608465 28 140.53736111111112 43 140.53748842592591 24 140.5375148809524 37 140.53770667989417 32 140.5377380952381 27 140.5377777777778 42 140.53781746031746 49 140.5378935185185 45 140.5380042989418 56 140.53804232804234 53 140.53809358465608 40 140.5382457010582 46 140.5382853835979 59 140.53847387566137 54 140.53857308201057
10 126.44435681216932 6 126.44446097883598 1 126.44459986772488 2 126.44496031746033 7 126.44505952380953 4 126.44523148148149 0 126.44609623015874 3 126.44670304232804
6 129.00392361111113 10 129.00399636243387 1 129.00406580687832 2 129.00413029100528 7 129.0041980820106 4 129.0046378968254 0 129.00507605820107 3 129.00572916666667
793 150.65454034391536 440 150.6554828042328 18 150.6562251984127 323 150.6574189814815 519 150.65813822751323
366 147.68314484126984 66 147.68375826719577 658 147.68898974867724 270 147.69050264550265 11 147.73169146825398 302 147.8768253968254
123 53.44979332010582 128 53.44979332010582 115 53.44979332010582 127 53.44979332010582 176 53.44979332010582 131 53.44979332010582 111 53.44979332010582 121 53.44979332010582 116 53.44979332010582 166 53.44979332010582 126 53.45025958994709 104 53.45025958994709 124 53.45025958994709 113 53.45025958994709 119 53.45025958994709 153 53.45025958994709 107 53.45025958994709 112 53.45025958994709 99 53.45025958994709
10 130.58163194444447 1 130.58168154761904 2 130.5817443783069 7 130.5818402777778 4 130.58193783068782 9 130.58221395502648 0 130.58236772486774 3 130.58298941798944
708 152.98954365079365 395 152.9900314153439 167 152.9900744047619 404 152.99054894179895 352 152.9917046957672 595 152.99298115079367
420 145.7460333994709
711 151.71915013227513 300 151.71931547619047 939 151.7245353835979 65 151.7271312830688 70 151.7332308201058 18 151.78701884920633
743 148.58992394179893 630 148.59002810846562 672 148.59006613756614 413 148.59020502645504 389 148.59032738095237 324 148.59043816137566 632 148.59089285714285 217 148.59198247354496
155 90.97979497354497 163 90.97979497354497
175 139.50748511904763 592 139.517478505291 753 139.51894675925928 716 139.53451554232802 474 139.53606977513226
785 128.15709986772487
734 147.22906415343917 569 147.22931216931215 270 147.22932043650795 132 147.2343650793651 307 147.23938657407408 168 147.2547453703704 140 147.26458167989418
79 143.60578869047617 138 143.60579034391534 106 143.60579199735452 156 143.60579365079366 91 143.6057986111111 83 143.6057986111111 92 143.60580026455025 158 143.60580357142857
912 130.13613756613756 719 130.39145171957674
750 122.07484457671957 784 130.9242261904762 102 143.649417989418 311 143.6535085978836
187 140.89503802910053 364 140.89570436507935 932 140.92388392857143 202 140.94095734126984
310 139.87355324074073
6 127.02359953703704 10 127.02367394179895 1 127.02373677248677 2 127.02381613756614 7 127.02391038359788 4 127.02405753968254 9 127.02421461640212 0 127.02482473544974
6 130.45050760582012 1 130.45061838624338 2 130.45067625661375 7 130.45074404761903 4 130.45086640211642 9 130.45097883597884 0 130.4511607142857 3 130.45141534391536
533 150.11798115079367
282 145.1027529761905 106 145.1460896164021 712 145.1461078042328 164 145.14611441798942 158 145.14611607142857 659 145.14611937830688 122 145.14612764550265 138 145.1461292989418
881 151.85156746031745 578 151.8515972222222 731 151.85211309523808 917 151.85278604497356
781 144.2775396825397 812 144.28816302910053
615 132.5461259920635 411 132.5546130952381 489 132.70038194444444 865 132.75342757936508 728 132.81567956349207 891 132.88516865079364 514 146.7118287037037
693 150.1780886243386 542 150.17810515873015 682 150.17821097883598 738 150.17872685185185
128 82.5336574074074 113 82.5336574074074 127 82.5336574074074 116 82.5336574074074 112 82.5336574074074 98 82.5336574074074 117 82.5336574074074 126 82.53365906084656 123 82.53365906084656 104 82.53365906084656 124 82.53365906084656 115 82.53365906084656 176 82.53365906084656 110 82.53365906084656 131 82.53365906084656 118 82.53365906084656 111 82.53365906084656
12 151.18137896825397 220 151.18164517195768 11 151.18342923280423 348 151.18695767195766 443 151.19106812169312 114 151.25104332010582 227 151.25637896825396
122 133.9751570767196 79 133.97515873015874 164 133.97516038359788 138 133.9751636904762 156 133.9751736111111 201 133.97517691798942 92 133.97518353174604 129 133.97518683862432
445 136.92668485449735 694 136.94991402116403 364 136.95229828042326
71 150.75819775132274 72 151.94738425925925 483 152.39064153439153 76 152.62981646825398
232 128.5579050925926 754 128.55803736772486 245 128.55823578042327 629 128.55957341269843
317 140.39017361111112 416 140.39239087301587 842 140.3930753968254 277 140.41804563492065 684 140.4312152777778
886 139.2582523148148 846 139.26165013227515 450 139.2657291666667 849 139.2726455026455
200 145.68966931216931 199 146.77175264550266
408 143.71195601851852
67 151.82296461640212 93 151.82391038359788 12 151.8303720238095 34 151.83561507936508 13 151.83863425925924 90 151.90028769841268 101 151.9084408068783 64 151.9264417989418
521 150.55405753968253
431 152.747791005291 652 152.81503637566138 683 152.83354166666666
105 153.5691087962963 12 153.56913855820108 120 153.56918485449737 68 153.5692046957672 67 153.56936342592593 363 153.56970403439152 600 153.5699503968254 64 153.57305555555556
294 145.97081845238094 624 146.87096064814816 717 149.3103802910053 171 153.24196097883598 540 153.24775793650792 303 153.2961326058201
84 153.10239087301588 135 153.10300925925927 512 153.10395833333334
590 151.7143683862434 869 151.71616236772488 505 151.7644742063492
449 128.4569460978836 232 128.54747023809523 629 128.55191302910052 754 128.5830687830688
653 151.2186326058201 135 151.25812830687832 303 153.18295138888888 238 153.26261408730159
763 147.52745535714286 546 147.53989748677247 267 147.8143716931217 792 147.96307208994708 618 147.97184193121694
461 135.0070849867725 668 135.00981150793652
310 139.8743435846561 159 140.53815476190476 499 148.84289517195768 349 152.41717757936507
899 138.27360780423282
174 142.97975694444443 51 142.97984953703704 41 142.97990575396827 25 142.97993386243385 29 142.9799537037037 58 142.9799884259259 36 142.98005952380953 31 142.9801984126984 33 142.9802810846561 20 142.9803025793651 19 142.98032076719576 21 142.98033564814816 23 142.98039351851853 15 142.98042824074074 14 142.98044477513227 16 142.9804662698413 26 142.98062996031746 17 142.98073578042326 43 142.98093088624339 24 142.9809656084656 37 142.98109953703704 32 142.98118882275134 27 142.98122023809523 42 142.9812384259259 49 142.98129464285714 45 142.98137566137567 56 142.98142195767196 53 142.98149966931217 40 142.981626984127 46 142.98166832010583 55 142.9817757936508 59 142.98179232804233 54 142.9818849206349
193 101.5175892857143 61 123.36864417989418 315 144.94518353174604 73 144.9493039021164 89 144.96910052910053
263 139.410248015873 692 139.4102628968254
414 71.97396990740741 322 72.10037202380951 924 74.33473214285715 702 74.3666865079365
430 140.9451917989418 330 141.02167658730158 183 142.10716765873016 180 142.66755952380953 177 145.441875 136 147.21544973544974 717 148.2517824074074
855 146.16426752645503 697 153.59194444444444
259 130.1123578042328 214 134.2109771825397 667 142.80498842592593 63 142.83341765873016 89 147.24453703703705
834 119.64419973544975 61 119.65712962962962 193 124.07126322751323 636 136.93341931216932 73 136.93437665343916 102 145.64776289682538 562 149.93121197089945
364 140.88567956349206 879 140.88574404761906 481 140.88583664021164 253 140.8860648148148
6 126.31770006613756 10 126.31776124338624 1 126.31828042328041 2 126.31835482804233 7 126.31978174603174 4 126.31992724867726 0 126.32032242063492 3 126.32078703703704
560 152.65777447089945
314 152.8137962962963 171 152.81630621693122 221 153.083835978836 216 153.38039517195767
41 139.26036706349205 25 139.26041005291003 39 139.26044642857144 29 139.2604828042328 58 139.26051752645503 36 139.26059854497356 31 139.26078703703703 33 139.26082341269841 20 139.26085482804234 19 139.26088624338624 21 139.26092923280424 23 139.26100198412698 15 139.26104662698413 14 139.26108796296296 16 139.26112599206348 30 139.2611789021164 35 139.26121693121692 22 139.2613492063492 17 139.2614236111111 28 139.2614632936508 43 139.26162863756613 24 139.2616650132275 37 139.26188822751323 32 139.26192791005292 27 139.26196593915344 42 139.2619990079365 49 139.2620734126984 45 139.26220072751323 56 139.26223875661375 53 139.26231977513228 40 139.26247023809523 46 139.2625066137566 55 139.26266203703705 59 139.26271494708993 54 139.26300760582012
81 102.40050595238095 78 102.40050925925925 88 102.40051091269841 125 102.40051256613758 95 102.40051256613758 86 102.40051421957672 87 102.40051917989418 80 102.4005257936508
913 147.01710648148148 465 147.01880787037038 222 147.0220916005291
79 146.3887136243386 149 146.38871693121695 91 146.3887185846561 83 146.38872023809523 158 146.3887251984127 129 146.38872685185186 148 146.388728505291 92 146.3887318121693
66 147.68021329365078 366 147.68028604497354 11 147.7316865079365 90 148.14214285714286
325 115.67231646825397 576 123.99447089947091 61 123.99996362433863 159 141.1433234126984 215 145.57648478835978
71 150.70768353174603 130 151.0998445767196 72 152.24874503968255 74 152.53366732804233
526 133.5804017857143
359 132.26561177248678 260 132.37018683862433 273 132.39226025132274 741 132.59272156084657
236 150.2844279100529 272 150.28487433862432 196 150.28516534391534
79 135.5737185846561 122 135.5737185846561 138 135.5737218915344 106 135.57372354497355 148 135.57373015873014 83 135.5737318121693 149 135.57380621693122 831 135.57381283068784
74 151.95587466931215 71 152.08633763227513 76 152.11891534391535 130 152.6207886904762
793 150.12269345238096
455 150.96734126984126 742 150.96763723544973
199 149.71489914021163 200 149.76372685185186
183 142.93665343915345 330 143.11137896825397 177 144.98666005291005 136 147.92895833333333 314 152.17589616402117 84 152.79660714285714
70 151.37174107142857 671 151.37984126984125 75 151.38648644179895 65 151.39104497354498
126 128.41410383597884 123 128.41410383597884 128 128.41410383597884 113 128.41410383597884 127 128.41410383597884 176 128.41410383597884 111 128.41410383597884 107 128.41410383597884 166 128.41410383597884 124 128.4141087962963 115 128.4141087962963 131 128.4141087962963 118 128.4141087962963 121 128.4141087962963 116 128.4141087962963 112 128.4141087962963 99 128.4141087962963 98 128.4141087962963 104 128.41411044973543
155 94.40835978835979 163 94.40835978835979
81 123.41484953703704 78 123.41485284391534 137 123.41485449735448 88 123.41485449735448 125 123.41485615079367 95 123.41485615079367 86 123.41485780423281 87 123.41486276455026
519 150.84154265873016
