3640
3638
2306
2305
3639
2304
2303
2302
2301
2300
3630
3631
3632
3633
3634
2309
3635
2308
3636
2307
3637
3650
3651
2320
0
2317
3649
1
2316
2
2315
3
2314
4
2313
5
2312
6
2311
7
2310
8
3641
9
3642
3643
3644
3645
3646
3647
2319
3648
2318
3660
3661
3662
1000
2331
2330
2328
2327
2326
2325
2324
2323
2322
2321
3652
3653
3654
3655
3656
3657
3658
2329
3659
3670
3671
3672
3673
2342
1011
2341
1010
2340
2339
1008
1007
2338
1006
2337
1005
2336
1004
2335
1003
2334
1002
2333
1001
2332
3663
3664
3665
3666
3667
3668
3669
1009
3680
3681
3682
3683
3684
1022
2353
1021
2352
1020
2351
2350
1019
1018
2349
1017
2348
1016
2347
1015
2346
1014
2345
1013
2344
2343
1012
3674
3675
3676
3677
3678
3679
3690
3691
3692
3693
3694
3695
1033
2364
1032
2363
1031
2362
1030
2361
2360
1029
1028
2359
1027
2358
1026
2357
2356
1025
1024
2355
1023
2354
3685
3686
3687
3688
3689
1044
2375
1043
2374
1042
2373
1041
2372
1040
2371
2370
1039
1038
2369
1037
2368
1036
2367
1035
2366
1034
2365
3696
3697
3698
3699
1055
2386
1054
2385
1053
2384
1052
2383
2382
1051
1050
2381
2380
1049
2379
1048
1047
2378
1046
2377
1045
2376
1066
2397
1065
2396
1064
2395
1063
2394
1062
2393
1061
2392
1060
2391
2390
1059
1058
2389
1057
2388
2387
1056
1077
1076
1075
1074
1073
1072
1071
1070
1069
1068
2399
1067
2398
1080
1088
1087
1086
1085
1084
1083
1082
1081
1079
1078
1091
1090
1099
1098
1097
1096
1095
1094
1093
1092
1089
200
201
202
203
204
205
206
207
208
209
210
211
212
213
214
215
216
217
218
219
220
221
222
223
224
225
226
227
228
229
230
231
232
233
234
235
236
237
238
239
1909
1908
240
241
242
243
244
245
246
247
248
249
1907
1906
1905
1904
1903
1902
1901
1900
1919
250
251
252
253
1910
254
255
256
257
258
259
1918
1917
1916
1915
1914
1913
1912
1911
260
261
262
263
264
1921
265
1920
266
267
268
269
1929
1928
1927
1926
1925
1924
1923
1922
270
271
272
273
274
275
1932
276
1931
277
1930
278
279
1939
1938
1937
1936
1935
1934
1933
280
281
282
283
284
285
286
1943
1942
287
288
1941
289
1940
1949
1948
1947
1946
1945
1944
290
291
292
293
294
295
296
297
1954
298
1953
299
1952
1951
1950
1959
1958
1957
1956
1955
1965
1964
1963
1962
1961
1960
1969
1968
1967
1966
1976
1975
1974
1973
1972
1971
1970
1979
1978
1977
1990
1987
1986
1985
1984
1983
1982
1981
1980
1989
1988
1998
1997
1996
1995
1994
1993
1992
1991
1999
3704
3705
3706
3707
3708
3709
3700
3701
3702
3703
3715
3716
3717
3718
3719
3710
3711
3712
3713
3714
3726
3727
3728
3729
3720
3721
3722
3723
3724
3725
2405
3737
2404
3738
2403
3739
2402
2401
2400
3730
3731
3732
2409
3733
2408
3734
2407
3735
2406
3736
3750
2416
3748
2415
3749
2414
2413
2412
2411
2410
3740
3741
3742
3743
3744
2419
3745
2418
3746
2417
3747
3760
3761
2430
2427
3759
2426
2425
2424
2423
2422
2421
2420
3751
3752
3753
3754
3755
3756
2429
3757
2428
3758
3770
3771
3772
1110
2441
2440
2438
1107
1106
2437
2436
1105
1104
2435
1103
2434
1102
2433
1101
2432
2431
1100
3762
3763
3764
3765
3766
3767
1109
3768
1108
2439
3769
3780
3781
3782
3783
1121
2452
1120
2451
2450
2449
1118
1117
2448
1116
2447
1115
2446
1114
2445
2444
1113
1112
2443
2442
1111
3773
3774
3775
3776
3777
3778
3779
1119
3790
3791
3792
3793
3794
1132
2463
1131
2462
1130
2461
2460
1129
2459
1128
1127
2458
2457
1126
1125
2456
1124
2455
2454
1123
2453
1122
3784
3785
3786
3787
3788
3789
1143
2474
2473
1142
1141
2472
1140
2471
2470
1139
1138
2469
2468
1137
2467
1136
2466
1135
1134
2465
2464
1133
3795
3796
3797
3798
3799
1154
2485
1153
2484
2483
1152
2482
1151
1150
2481
2480
1149
1148
2479
1147
2478
1146
2477
2476
1145
1144
2475
1165
2496
1164
2495
2494
1163
1162
2493
2492
1161
1160
2491
2490
1159
1158
2489
1157
2488
1156
2487
1155
2486
1176
1175
1174
1173
1172
1171
1170
1169
1168
2499
1167
2498
1166
2497
1187
1186
1185
1184
1183
1182
1181
1180
1179
1178
1177
1190
1198
1197
1196
1195
1194
1193
1192
1191
1189
1188
1199
300
301
302
303
304
305
306
307
308
309
310
311
312
313
314
315
316
317
318
319
320
321
322
323
324
325
326
327
328
329
330
331
332
333
334
335
336
337
338
339
340
341
342
343
344
345
346
347
348
349
350
351
352
353
354
355
356
357
358
359
10
11
12
13
14
15
16
17
18
19
360
361
362
363
364
365
366
367
368
369
20
21
22
23
24
25
26
27
28
29
370
371
372
373
374
375
376
377
378
379
30
31
32
33
34
35
36
37
38
39
380
381
382
383
384
385
386
387
388
389
40
41
42
43
44
45
46
47
48
49
390
391
392
393
394
395
396
397
398
399
50
51
52
53
54
55
56
57
58
59
60
61
62
63
64
65
66
67
68
69
70
71
72
73
74
75
76
77
78
79
80
81
82
83
84
85
86
87
88
89
90
91
92
93
94
95
96
97
98
99
3803
3804
3805
3806
3807
3808
3809
3800
3801
3802
3814
3815
3816
3817
3818
3819
3810
3811
3812
3813
3825
3826
3827
3828
3829
3820
3821
3822
3823
3824
2504
3836
2503
3837
2502
3838
2501
3839
2500
3830
2509
3831
2508
3832
2507
3833
2506
3834
2505
3835
2515
3847
2514
3848
3849
2513
2512
2511
2510
3840
3841
3842
3843
2519
2518
3844
3845
2517
2516
3846
3860
2526
3858
2525
3859
2524
2523
2522
2521
2520
3850
3851
3852
3853
3854
3855
2529
2528
3856
3857
2527
3870
2540
2537
1206
3869
1205
2536
1204
2535
1203
2534
1202
2533
1201
2532
1200
2531
2530
3861
3862
3863
3864
3865
1209
3866
1208
2539
3867
2538
1207
3868
1220
2551
2550
1217
2548
1216
2547
1215
2546
1214
2545
1213
2544
1212
2543
2542
1211
1210
2541
1219
1218
2549
2562
1231
1230
2561
2560
1228
2559
1227
2558
2557
1226
1225
2556
1224
2555
1223
2554
2553
1222
2552
1221
1229
1242
2573
1241
2572
1240
2571
2570
1239
1238
2569
1237
2568
2567
1236
1235
2566
1234
2565
1233
2564
1232
2563
1253
2584
1252
2583
1251
2582
1250
2581
2580
1249
1248
2579
1247
2578
2577
1246
1245
2576
1244
2575
1243
2574
1264
2595
1263
2594
1262
2593
1261
2592
1260
2591
2590
1259
1258
2589
2588
1257
1256
2587
1255
2586
1254
2585
1275
1274
1273
1272
1271
1270
1269
1268
2599
2598
1267
1266
2597
1265
2596
1286
1285
1284
1283
1282
1281
1280
1279
1278
1277
1276
1297
1296
1295
1294
1293
1292
1291
1290
1289
1288
1287
3002
3001
3000
1299
1298
3013
3012
3011
3010
3009
3008
3007
400
3006
401
3005
402
3004
403
3003
404
405
406
407
408
409
3024
3023
3022
3021
3020
3019
410
3018
411
3017
412
3016
413
3015
414
3014
415
416
417
418
419
3035
3034
3033
3032
3031
3030
420
421
3029
422
3028
423
3027
424
3026
425
3025
426
427
428
429
3046
3045
3044
3043
3042
3041
3040
430
431
432
433
3039
434
3038
435
3037
436
3036
437
438
439
3057
3056
3055
3054
3053
3052
3051
3050
440
441
442
443
444
445
3049
446
3048
447
3047
448
449
3060
3068
3067
3066
3065
3064
3063
3062
450
3061
451
452
453
454
455
456
457
3059
458
3058
459
3071
3070
3079
3078
3077
3076
3075
3074
460
3073
461
3072
462
463
464
465
466
467
468
469
3069
3082
3081
3080
3089
3088
3087
3086
470
3085
471
3084
472
3083
473
474
475
476
477
478
479
3093
3092
3091
3090
3099
3098
480
3097
481
3096
482
3095
483
3094
484
485
486
487
488
489
490
491
492
493
494
495
496
497
498
499
2603
2602
2601
2600
2609
2608
2607
2606
2605
2604
2614
2613
2612
2611
2610
2619
2618
2617
2616
2615
2625
2624
2623
2622
2621
2620
2629
2628
2627
2626
1305
2636
1304
2635
2634
1303
1302
2633
1301
2632
1300
2631
2630
1309
1308
2639
1307
2638
1306
2637
2650
1316
2647
1315
2646
1314
2645
1313
2644
1312
2643
1311
2642
1310
2641
2640
1319
1318
2649
1317
2648
2661
1330
2660
1327
2658
1326
2657
1325
2656
1324
2655
1323
2654
1322
2653
1321
2652
1320
2651
1329
1328
2659
1341
2672
1340
2671
2670
1338
2669
1337
2668
1336
2667
1335
2666
2665
1334
1333
2664
1332
2663
1331
2662
1339
1352
2683
1351
2682
1350
2681
2680
1349
1348
2679
2678
1347
1346
2677
2676
1345
1344
2675
1343
2674
2673
1342
2694
1363
2693
1362
1361
2692
1360
2691
2690
1359
1358
2689
1357
2688
1356
2687
1355
2686
2685
1354
1353
2684
1374
1373
1372
1371
1370
1369
1368
2699
1367
2698
1366
2697
2696
1365
1364
2695
1385
1384
1383
1382
1381
1380
1379
1378
1377
1376
1375
1396
1395
1394
1393
1392
1391
1390
1389
1388
1387
1386
3101
3100
1399
1398
1397
3112
3111
3110
3109
3108
3107
3106
3105
500
3104
501
3103
502
3102
503
504
505
506
507
508
509
3123
3122
3121
3120
3119
3118
3117
510
3116
511
3115
512
3114
513
3113
514
515
516
517
518
519
3134
3133
3132
3131
3130
3129
520
3128
521
3127
522
3126
523
3125
524
3124
525
526
527
528
529
3145
3144
3143
3142
3141
3140
530
531
3139
532
3138
533
3137
534
3136
535
3135
536
537
538
539
3156
3155
3154
3153
3152
3151
3150
540
541
542
543
3149
544
3148
545
3147
546
3146
547
548
549
3167
3166
3165
3164
3163
3162
3161
3160
550
551
552
553
554
555
3159
556
3158
557
3157
558
559
3170
3178
3177
3176
3175
3174
3173
3172
560
3171
561
562
563
564
565
566
567
3169
568
3168
569
3181
3180
3189
3188
3187
3186
3185
3184
570
3183
571
3182
572
573
574
575
576
577
578
579
3179
3192
3191
3190
3199
3198
3197
3196
580
3195
581
3194
582
3193
583
584
585
586
587
588
589
590
591
592
593
594
595
596
597
598
599
2702
2701
2700
2709
2708
2707
2706
2705
2704
2703
2713
2712
2711
2710
2719
2718
2717
2716
2715
2714
2724
2723
2722
2721
2720
2729
2728
2727
2726
2725
2735
1404
1403
2734
1402
2733
1401
2732
2731
1400
2730
1409
1408
2739
1407
2738
1406
2737
1405
2736
1415
2746
1414
2745
1413
2744
1412
2743
1411
2742
1410
2741
2740
1419
1418
2749
1417
2748
1416
2747
2760
1426
2757
1425
2756
2755
1424
1423
2754
1422
2753
1421
2752
1420
2751
2750
1429
1428
2759
1427
2758
1440
2771
2770
1437
2768
1436
2767
1435
2766
1434
2765
1433
2764
1432
2763
1431
2762
1430
2761
1439
1438
2769
1451
2782
1450
2781
2780
1448
2779
2778
1447
1446
2777
1445
2776
1444
2775
1443
2774
2773
1442
1441
2772
1449
2793
1462
1461
2792
2791
1460
2790
1459
1458
2789
1457
2788
2787
1456
1455
2786
1454
2785
2784
1453
1452
2783
1473
1472
1471
1470
1469
2799
1468
1467
2798
2797
1466
2796
1465
1464
2795
2794
1463
1484
1483
1482
1481
1480
1479
1478
1477
1476
1475
1474
1495
1494
1493
1492
1491
1490
1489
1488
1487
1486
1485
3200
1499
1498
1497
1496
3211
3210
3208
3207
3206
3205
3204
3203
600
3202
601
3201
602
603
604
605
606
607
608
609
3209
3222
3221
3220
3219
3218
3217
3216
3215
610
3214
611
3213
612
3212
613
614
615
616
617
618
619
3233
3232
3231
3230
3229
3228
3227
620
3226
621
3225
622
3224
623
3223
624
625
626
627
628
629
3244
3243
3242
3241
3240
3239
630
3238
631
3237
632
3236
3235
633
634
3234
635
636
637
638
639
3255
3254
3253
3252
3251
3250
640
641
3249
642
3248
643
3247
644
3246
645
3245
646
647
648
649
3266
3265
3264
3263
3262
3261
3260
650
651
652
653
3259
654
3258
655
3257
656
3256
657
658
659
3277
3276
3275
3274
3273
3272
3271
3270
660
661
662
663
664
665
3269
666
3268
667
3267
668
669
3280
3288
3287
3286
3285
3284
3283
3282
670
3281
671
672
673
674
675
676
677
3279
678
3278
679
3291
3290
3299
3298
3297
3296
3295
3294
680
3293
681
3292
682
683
684
685
686
687
688
689
3289
690
691
692
693
694
695
696
697
698
699
2801
2800
2809
2808
2807
2806
2805
2804
2803
2802
2812
2811
2810
2819
2818
2817
2816
2815
2814
2813
2823
2822
2821
2820
2829
2828
2827
2826
2825
2824
2834
1503
1502
2833
1501
2832
2831
1500
2830
1509
1508
2839
1507
2838
1506
2837
2836
1505
1504
2835
1514
2845
1513
2844
1512
2843
1511
2842
1510
2841
2840
1519
1518
2849
1517
2848
2847
1516
1515
2846
2856
1525
1524
2855
2854
1523
2853
1522
1521
2852
1520
2851
2850
1529
1528
2859
1527
2858
1526
2857
2870
1536
2867
1535
2866
1534
2865
1533
2864
1532
2863
1531
2862
1530
2861
2860
1539
1538
2869
1537
2868
1550
2881
2880
1547
2878
1546
2877
1545
2876
1544
2875
1543
2874
1542
2873
1541
2872
1540
2871
1549
1548
2879
1561
2892
2891
1560
2890
2889
1558
1557
2888
1556
2887
1555
2886
1554
2885
1553
2884
1552
2883
1551
2882
1559
1572
1571
1570
1569
1568
2899
1567
2898
1566
2897
2896
1565
1564
2895
1563
2894
1562
2893
1583
1582
1581
1580
1579
1578
1577
1576
1575
1574
1573
1594
1593
1592
1591
1590
1589
1588
1587
1586
1585
1584
1599
1598
1597
1596
1595
3310
3307
3306
3305
3304
3303
3302
3301
700
3300
701
702
703
704
705
706
707
3309
708
3308
709
3321
3320
3318
3317
3316
3315
3314
3313
710
3312
711
3311
712
713
714
715
716
717
718
719
3319
3332
2001
2000
3331
3330
3329
3328
3327
3326
3325
720
3324
721
3323
722
3322
723
724
725
726
727
728
729
2012
3343
2011
3342
2010
3341
3340
2009
2008
3339
2007
3338
2006
3337
730
2005
3336
2004
731
3335
732
2003
3334
2002
733
3333
734
735
736
737
738
739
2023
3354
2022
3353
2021
3352
2020
3351
3350
2019
2018
3349
740
2017
3348
741
2016
3347
742
2015
3346
743
2014
3345
744
2013
3344
745
746
747
748
749
2034
3365
2033
3364
2032
3363
2031
3362
2030
3361
3360
750
2029
751
2028
3359
752
2027
3358
753
2026
3357
754
2025
3356
755
2024
3355
756
757
758
759
2045
3376
2044
3375
2043
3374
3373
2042
2041
3372
2040
3371
3370
760
761
762
2039
763
2038
3369
2037
764
3368
2036
765
3367
766
2035
3366
767
768
769
2056
3387
2055
3386
2054
3385
2053
3384
2052
3383
2051
3382
2050
3381
3380
770
771
772
773
774
2049
2048
775
3379
776
2047
3378
777
3377
2046
778
779
3390
2067
3398
2066
3397
2065
3396
2064
3395
2063
3394
3393
2062
2061
3392
780
2060
3391
781
782
783
784
785
786
2059
787
2058
3389
788
3388
2057
789
2070
2078
2077
2076
2075
2074
2073
790
2072
791
2071
792
793
794
795
796
797
798
2069
799
2068
3399
2081
2080
2089
2088
2087
2086
2085
2084
2083
2082
2079
2092
2091
2090
2099
2098
2097
2096
2095
2094
2093
2909
2900
2908
2907
2906
2905
2904
2903
2902
2901
2911
2910
2919
2918
2917
2916
2915
2914
2913
2912
2922
2921
2920
2929
2928
2927
2926
2925
2924
2923
1602
2933
1601
2932
1600
2931
2930
1609
1608
2939
1607
2938
1606
2937
1605
2936
1604
2935
1603
2934
1613
2944
1612
2943
2942
1611
1610
2941
2940
1619
1618
2949
1617
2948
1616
2947
1615
2946
1614
2945
1624
2955
1623
2954
1622
2953
2952
1621
1620
2951
2950
1629
1628
2959
1627
2958
1626
2957
1625
2956
1635
2966
2965
1634
2964
1633
1632
2963
1631
2962
1630
2961
2960
1639
1638
2969
1637
2968
1636
2967
2980
1646
2977
1645
2976
1644
2975
1643
2974
1642
2973
1641
2972
1640
2971
2970
1649
1648
2979
1647
2978
1660
2991
2990
1657
2988
1656
2987
1655
2986
2985
1654
1653
2984
1652
2983
1651
2982
1650
2981
1659
1658
2989
1671
1670
1668
2999
1667
2998
2997
1666
1665
2996
1664
2995
1663
2994
1662
2993
1661
2992
1669
1682
1681
1680
1679
1678
1677
1676
1675
1674
1673
1672
1693
1692
1691
1690
1689
1688
1687
1686
1685
1684
1683
1699
1698
1697
1696
1695
1694
3406
3405
3404
3403
3402
3401
3400
800
801
802
803
804
805
3409
806
3408
807
3407
808
809
3420
3417
3416
3415
3414
3413
3412
3411
810
3410
811
812
813
814
815
816
817
3419
818
3418
819
2100
3431
3430
3428
3427
3426
3425
3424
3423
820
3422
821
3421
822
823
824
825
826
827
828
829
3429
2111
3442
2110
3441
3440
2108
3439
2107
3438
2106
3437
2105
3436
2104
3435
830
2103
3434
831
2102
3433
2101
832
3432
833
834
835
836
837
838
839
2109
2122
3453
2121
3452
2120
3451
3450
2119
2118
3449
2117
3448
3447
2116
840
2115
3446
841
2114
3445
842
2113
3444
3443
843
2112
844
845
846
847
848
849
2133
3464
3463
2132
2131
3462
2130
3461
3460
2129
2128
3459
850
2127
3458
851
3457
2126
2125
852
3456
853
2124
3455
854
2123
3454
855
856
857
858
859
2144
3475
2143
3474
2142
3473
2141
3472
2140
3471
3470
860
2139
861
3469
2138
862
2137
3468
863
2136
3467
864
2135
3466
2134
865
3465
866
867
868
869
2155
3486
2154
3485
2153
3484
2152
3483
2151
3482
2150
3481
3480
870
871
872
2149
2148
873
3479
874
2147
3478
2146
875
3477
876
2145
3476
877
878
879
2166
3497
2165
3496
2164
3495
2163
3494
2162
3493
2161
3492
2160
3491
3490
880
881
882
883
884
2159
885
3489
2158
886
2157
3488
887
2156
3487
888
889
2177
2176
2175
2174
2173
2172
2171
890
2170
891
892
893
894
895
896
2169
2168
897
3499
898
2167
3498
899
2180
2188
2187
2186
2185
2184
2183
2182
2181
2179
2178
2191
2190
2199
2198
2197
2196
2195
2194
2193
2192
2189
1701
1700
1709
1708
1707
1706
1705
1704
1703
1702
1712
1711
1710
1719
1718
1717
1716
1715
1714
1713
1723
1722
1721
1720
1729
1728
1727
1726
1725
1724
1734
1733
1732
1731
1730
1739
1738
1737
1736
1735
1745
1744
1743
1742
1741
1740
1749
1748
1747
1746
1756
1755
1754
1753
1752
1751
1750
1759
1758
1757
1770
1767
1766
1765
1764
1763
1762
1761
1760
1769
1768
1781
1780
1778
1777
1776
1775
1774
1773
1772
1771
1779
1792
1791
1790
1789
1788
1787
1786
1785
1784
1783
1782
1799
1798
1797
1796
1795
1794
1793
3505
3504
3503
3502
3501
3500
900
901
902
903
3509
904
3508
905
3507
906
3506
907
908
909
3516
3515
3514
3513
3512
3511
3510
910
911
912
913
914
915
3519
916
3518
917
3517
918
919
3530
3527
3526
3525
3524
3523
3522
3521
920
3520
921
922
923
924
925
926
927
3529
928
3528
929
2210
3541
3540
2207
3538
2206
3537
2205
3536
2204
3535
2203
3534
2202
3533
930
2201
3532
2200
931
3531
932
933
934
935
936
937
2209
938
939
2208
3539
2221
3552
2220
3551
3550
2218
3549
2217
3548
2216
3547
2215
3546
3545
2214
940
3544
2213
941
2212
3543
942
2211
3542
943
944
945
946
947
948
949
2219
2232
3563
2231
3562
2230
3561
3560
2229
2228
3559
2227
3558
3557
2226
2225
950
3556
951
3555
2224
952
2223
3554
953
2222
3553
954
955
956
957
958
959
3574
2243
2242
3573
2241
3572
2240
3571
3570
2239
2238
3569
2237
960
3568
961
3567
2236
962
2235
3566
2234
963
3565
2233
964
3564
965
966
967
968
969
2254
3585
2253
3584
2252
3583
2251
3582
2250
3581
3580
2249
970
971
2248
3579
972
2247
3578
2246
973
3577
974
2245
3576
975
2244
3575
976
977
978
979
2265
3596
2264
3595
2263
3594
2262
3593
2261
3592
2260
3591
3590
980
981
982
2259
2258
983
3589
984
2257
3588
3587
2256
985
2255
986
3586
987
988
989
2276
2275
2274
2273
2272
2271
2270
990
991
992
993
2269
994
995
2268
3599
996
3598
2267
997
2266
3597
998
999
2287
2286
2285
2284
2283
2282
2281
2280
2279
2278
2277
2290
2298
2297
2296
2295
2294
2293
2292
2291
2289
2288
2299
100
101
102
103
104
105
106
107
108
109
110
111
112
113
114
115
116
117
118
119
120
121
122
123
124
125
126
127
128
129
130
131
132
133
134
135
136
137
138
139
1809
140
141
142
143
1800
144
145
146
147
148
149
1808
1807
1806
1805
1804
1803
1802
1801
150
151
152
153
154
1811
155
1810
156
157
158
159
1819
1818
1817
1816
1815
1814
1813
1812
160
161
162
163
164
165
1822
166
1821
167
1820
168
169
1829
1828
1827
1826
1825
1824
1823
170
171
172
173
174
175
176
1833
177
1832
178
1831
179
1830
1839
1838
1837
1836
1835
1834
180
181
182
183
184
185
186
187
1844
188
1843
189
1842
1841
1840
1849
1848
1847
1846
1845
190
191
192
193
194
195
196
197
198
1855
199
1854
1853
1852
1851
1850
1859
1858
1857
1856
1866
1865
1864
1863
1862
1861
1860
1869
1868
1867
1880
1877
1876
1875
1874
1873
1872
1871
1870
1879
1878
1891
1890
1888
1887
1886
1885
1884
1883
1882
1881
1889
1899
1898
1897
1896
1895
1894
1893
1892
3604
3603
3602
3601
3600
3609
3608
3607
3606
3605
3615
3614
3613
3612
3611
3610
3619
3618
3617
3616
3626
3625
3624
3623
3622
3621
3620
3629
3628
3627
